1       76.8036503142   170.308288378   70.1114371388   165.051915749   0.0990592344208 0.105791926142
2       67.6118171025   161.071185977   62.4488562358   154.352696684   0.0990592344208 0.105791926142
3       47.3551399702   137.824028388   47.8192902398   132.603194876   0.0990592344208 0.105791926142
4       31.9072243708   91.5208928518   42.7093464173   83.6255519906   0.0990592344208 0.105791926142
5       29.2185973042   51.4964461927   36.0377196479   63.312050259    0.0990592344208 0.105791926142
6       27.5504245611   46.031073151    34.1873948795   52.6102813249   0.0442001790814 0.0543415518577
7       27.7015356638   44.9628705218   31.6386506779   53.0819130337   0.0442001790814 0.0543415518577
8       26.2985768649   42.4396935588   33.8059023828   49.6886182175   0.0442001790814 0.0543415518577
9       25.6056512622   41.3747292055   32.2880077559   48.1161108902   0.0442001790814 0.0543415518577
10      25.1706109035   40.4843838944   33.3751359133   51.7024741419   0.0442001790814 0.0543415518577
11      24.4945121314   39.4997121129   32.4793379872   45.1397094727   0.0374750078338 0.049693525248
12      24.5906902598   37.7210645504   30.719142088    48.8260098487   0.0374750078338 0.049693525248
13      23.5247301332   36.7987412009   32.7515985548   54.9766332095   0.0374750078338 0.049693525248
14      23.3188585855   38.475055827    34.1480401423   50.453728902    0.0374750078338 0.049693525248
15      22.555720469    36.1718187406   31.3879032725   48.3196957775   0.0374750078338 0.049693525248
16      22.501037225    35.5925379167   32.3330859941   48.6940379192   0.0364069540119 0.05169892192
17      21.3215214943   34.3859924473   31.9659484588   51.1048541511   0.0364069540119 0.05169892192
18      21.273466478    34.6773361314   35.5650445211   50.286207848    0.0364069540119 0.05169892192
19      20.8728166227   33.7719823156   32.1284318904   52.8984634557   0.0364069540119 0.05169892192
20      20.3078807056   34.0957419192   31.6457937182   47.8183048681   0.0364069540119 0.05169892192
21      19.7172497992   32.7919926141   34.2785480145   44.5711519694   0.0343896713763 0.0504190151479
22      19.7440053381   32.088168436    30.4262317775   47.0203163698   0.0343896713763 0.0504190151479
23      20.4705823344   32.3884636455   30.767128384    45.0972442627   0.0343896713763 0.0504190151479
45      23.799076453    41.6855448941   30.134470045    52.7450257134   0.0270682584148 0.0475710283657
31      24.405659075    40.7693712632   29.2919228151   43.6089682038   0.0245504344143 0.0470821778475
32      23.7672384453   41.1911148032   30.2905432711   42.5879212999   0.0245504344143 0.0470821778475
25      25.956953061    41.1107665702   29.5762484442   41.1743887872   0.0357190189191 0.0493910391027
26      26.4485291675   41.0845737506   31.1939582235   41.1677973639   0.0287111963374 0.0451047137796
27      25.5593003172   41.5879637417   31.6864956728   42.2701227247   0.0287111963374 0.0451047137796
28      25.7539443479   39.3587693065   30.0273100076   42.4626353352   0.0287111963374 0.0451047137796
29      24.6650693889   40.2733191855   27.7407048805   53.8640104864   0.0287111963374 0.0451047137796
30      25.6049603068   45.2109049917   31.2658056279   43.6240600114   0.0287111963374 0.0451047137796
31      24.6920808238   39.9294081837   29.4178596182   43.1780818664   0.0266174826898 0.0456393837635
32      24.2342269672   40.6550282378   32.8715380246   40.6951875539   0.0266174826898 0.0456393837635
33      23.6662874516   39.1276917543   38.0611331008   47.4037688049   0.0266174826898 0.0456393837635
34      24.9276007135   43.3953931853   30.8561178384   49.9867436517   0.0266174826898 0.0456393837635
35      23.9977591448   42.6068644781   31.350523172    44.5264935051   0.0266174826898 0.0456393837635
36      23.8736129506   39.629128895    30.3381957025   46.7702860488   0.025069753495  0.047060024857
37      24.6213990827   40.74908866     30.587648844    44.0278127611   0.025069753495  0.047060024857
38      24.2584713345   40.2867994529   34.3037041733   45.7792337555   0.025069753495  0.047060024857
39      23.8715860078   44.1420799      30.4590198969   41.9897572232   0.025069753495  0.047060024857
40      23.5950931706   37.963655663    30.6315730528   47.0358086026   0.025069753495  0.047060024857
41      23.8677024596   39.4480410186   28.8926607112   42.6511707109   0.0251707305017 0.0447598811209
42      23.2469992012   39.4618370331   29.4179596114   44.4323548779   0.0251707305017 0.0447598811209
43      21.6068155343   37.8576847263   29.9668639468   41.3201098885   0.0251707305017 0.0447598811209
44      22.8016788757   38.2436523928   31.3503568689   43.3291482237   0.0251707305017 0.0447598811209
45      23.3046111129   37.9101267817   30.8105302988   42.210737484    0.0251707305017 0.0447598811209
46      23.0450988956   36.2635457154   33.4300132633   51.2730668353   0.0315793184217 0.0526312634241
47      21.4107192267   40.5971813839   31.4331583977   43.2137889272   0.0315793184217 0.0526312634241
48      21.9501167239   36.0033894419   30.3842480551   43.280612159    0.0315793184217 0.0526312634241
49      22.3587658497   40.2325385518   36.2194354657   41.664454588    0.0315793184217 0.0526312634241
50      21.935093132    41.5138651007   29.8535485415   51.5416359656   0.0315793184217 0.0526312634241
51      24.631154205    37.2840669333   42.2154745515   46.2528693209   0.0304921632088 0.0535199958732
52      24.130373587    38.2402132324   29.7778210198   43.5753028577   0.0304921632088 0.0535199958732
53      21.9978079759   35.1713409522   32.3494341693   42.0496602403   0.0304921632088 0.0535199958732
54      21.7016945743   35.8394360579   31.7576251767   43.5734980868   0.0304921632088 0.0535199958732
55      20.1149282088   38.4269201333   31.0541184606   40.8198193029   0.0304921632088 0.0535199958732
56      20.8344360489   34.8725534013   30.901144067    48.0367129218   0.0254509005661 0.0485293698837
57      21.4457149211   37.0015709002   28.8858092397   41.3476097104   0.0254509005661 0.0485293698837
58      24.4372353345   35.915865018    30.5051181243   42.6457096768   0.0254509005661 0.0485293698837
59      22.8276363853   34.2395225368   32.2098927055   44.0969497838   0.0254509005661 0.0485293698837
60      21.8724536405   38.7867591878   29.8893574587   43.4603081143   0.0254509005661 0.0485293698837
61      20.125420107    34.8779281381   29.2799511546   44.7450371968   0.0240413370558 0.0465232964888
62      22.5853814098   36.3627553709   31.3487550008   44.9137395485   0.0240413370558 0.0465232964888
63      20.4240706966   36.4477933673   29.8248367506   44.4175364701   0.0240413370558 0.0465232964888
64      21.0044362134   30.9219677687   32.5975698884   52.2833251167   0.0240413370558 0.0465232964888
65      21.3057622444   35.1285291539   30.14783991     42.990222341    0.0240413370558 0.0465232964888
66      20.7246474729   37.5036193044   30.8577500569   44.3512402564   0.0209720097319 0.0460589234737
67      21.2541043299   36.3288302091   31.173024561    42.9765324937   0.0209720097319 0.0460589234737
68      19.6473214118   35.2366741396   33.5494531061   41.5339250073   0.0209720097319 0.0460589234737
69      19.8682049504   31.6297902301   31.9822819307   45.0981526227   0.0209720097319 0.0460589234737
70      20.0055092074   32.0239108461   33.0312565676   45.7729663849   0.0209720097319 0.0460589234737
71      21.3888107976   33.7300158699   34.3883165379   44.3312607991   0.0200295411336 0.0472753184111
72      20.8049630114   36.2570706247   32.1259241006   60.4962418546   0.0200295411336 0.0472753184111
73      19.5971270662   34.2747610234   32.2495805013   43.0376342695   0.0200295411336 0.0472753184111
74      19.4406639874   35.6093501947   30.2062057416   50.5389210809   0.0200295411336 0.0472753184111
75      20.6876798841   32.3743676673   30.4120224235   46.8916007366   0.0200295411336 0.0472753184111
76      19.2891364894   34.5064060044   33.2954892817   42.6154849652   0.0207343390378 0.0469844861227
77      18.2911574994   32.0957837779   30.2660785164   42.8622472311   0.0207343390378 0.0469844861227
78      20.1205062621   30.7931701788   31.1015009929   44.0904246065   0.0207343390378 0.0469844861227
79      19.8269824246   31.36291803     31.3507296375   43.4541548896   0.0207343390378 0.0469844861227
80      19.3530048233   35.2592485227   29.4240357311   47.6226490453   0.0207343390378 0.0469844861227
81      19.443714387    32.4187999372   33.2444661327   45.4772404936   0.0187365309703 0.0483332540477
82      20.2938156716   32.1264202147   34.3461275002   45.6090203511   0.0187365309703 0.0483332540477
83      19.1121739581   33.3331346683   29.9348563361   45.1884617756   0.0187365309703 0.0483332540477
84      18.5362659616   37.0812025977   30.2476127467   45.3347448762   0.0187365309703 0.0483332540477
85      20.0409274457   32.5820552757   30.0972892132   43.4734595387   0.0187365309703 0.0483332540477
86      18.4171418139   30.4629039225   31.6792276127   45.1544051809   0.0190298711676 0.0472462733439
87      18.7152274213   34.5860249929   30.0111139828   46.7157248271   0.0190298711676 0.0472462733439
88      18.9232856093   28.8476030796   38.5675549458   45.4617387437   0.0190298711676 0.0472462733439
89      19.7893330518   32.6517498634   31.3267236297   45.1545598925   0.0190298711676 0.0472462733439
90      18.9703413711   30.7936262802   31.1238498884   44.1680884607   0.0190298711676 0.0472462733439
91      20.7018035849   32.650084243    28.8574393361   46.5481918964   0.0206651854327 0.0473318408037
92      19.5601890387   32.0943326778   31.1675367847   44.0038698334   0.0206651854327 0.0473318408037
93      19.3067175392   31.0876110047   30.0607563294   43.6764599122   0.0206651854327 0.0473318408037
94      19.676685348    33.7739000884   32.0805425742   47.2436712599   0.0206651854327 0.0473318408037
95      19.6639245531   32.9734394348   31.5518955349   47.2666968906   0.0206651854327 0.0473318408037
96      19.2059343382   33.1837943599   35.5135374954   46.0157692506   0.0277871344989 0.0511796303785